9.134302
9.182420
9.111170
9.120108
9.124197
9.437387
9.243688
9.400338
9.442352
9.378001
9.287722
9.137092
9.150227
9.182262
9.650991
9.466206
9.134015
9.127129
9.110566
9.117253
9.123259
9.116529
9.115716
9.126284
9.169228
9.147372
9.121327
9.179849
9.118102
9.167523
9.399000
9.253685
9.242869
9.259868
9.255666
9.562416
9.219385
9.199658
9.284550
9.641389
9.650706
9.292373
9.570018
9.279738
9.119003
9.205646
9.425765
9.136036
9.125301
9.154859
9.621384
9.291843
9.350279
9.116423
9.113169
9.115000
9.454374
9.633086
9.619374
9.540126
9.246632
9.138167
9.158212
9.117102
9.114779
9.108848
9.111458
9.130240
9.172761
9.633368
9.308469
9.150126
9.222999
9.623072
9.405370
9.652523
9.535617
9.243488
9.123396
9.126669
9.112902
9.114217
9.126563
9.119471
9.108163
9.112321
9.123724
9.110554
9.110984
9.145217
9.121040
9.171051
9.158436
9.125739
9.173667
9.156777
9.123555
9.156073
9.175721
9.189044
9.214056
9.211818
9.198430
9.207081
9.320842
9.166329
9.468106
9.654932
9.649406
9.647904
9.647349
9.648055
9.647939
9.647269
9.648393
9.647805
9.644187
9.330466
9.371590
9.618275
9.181873
9.121880
9.124637
9.161254
9.126198
9.121398
9.119816
9.107631
9.112930
9.120273
9.113151
9.112856
9.116024
9.135637
9.107645
9.515434
9.141392
9.139547
9.120147
9.142612
9.429138
9.118980
9.112140
9.133408
9.112507
9.108470
9.119775
9.127799
9.181713
9.558536
9.285282
9.119474
9.113693
9.129862
9.116671
9.113212
9.178969
9.584149
9.124288
9.468080
9.120739
9.114963
9.111633
9.125557
9.108226
9.112467
9.125901
9.312256
9.228853
9.121081
9.134272
9.110296
9.226667
9.676080
9.393867
9.135782
9.128228
9.141491
9.368266
9.455333
9.136691
9.319100
9.326942
9.182006
9.159171
9.214043
9.526837
9.623631
9.453416
9.485828
9.496056
9.596524
9.321774
9.635522
9.613125
9.590477
9.427842
9.583869
9.358013
9.140159
9.217861
9.521677
9.344082
9.174714
9.494415
9.323132
9.212885
9.536377
9.436983
9.290446
9.209283
9.658194
9.657952
9.654675
9.654974
9.658909
9.656797
9.655860
9.670033
9.668562
9.684857
9.871990
9.725004
9.754771
9.696791
9.637593
9.599201
9.729832
9.647830
9.647676
9.697508
9.658640
9.651903
9.649239
9.654537
9.653728
9.651194
9.507654
9.606604
9.439878
9.152137
9.131393
9.123133
9.468738
9.500923
9.356623
9.587822
9.349215
9.551899
9.375566
9.132380
9.125773
9.148408
9.256124
9.512879
9.323147
9.512608
9.325344
9.559962
9.652888
9.646843
9.652422
9.668972
9.656155
9.653328
9.728469
9.720875
9.660898
9.657085
9.396962
9.471179
10.043248
10.016523
9.633353
9.596061
9.172234
9.311591
9.156147
9.158764
9.156955
9.121012
9.189767
9.531160
9.243432
9.671585
9.786100
9.727528
9.536421
9.325854
9.579933
9.241382
9.130154
9.196237
9.125945
9.147553
9.148026
9.176206
9.156529
9.167574
9.168865
9.378648
9.136895
9.129532
9.157871
9.144831
9.117513
9.124127
9.139882
9.126828
9.126949
9.394936
9.624304
9.345106
9.124370
9.115088
9.126261
9.184239
9.134647
9.119877
9.123515
9.125854
9.116940
9.133935
9.128378
9.110700
9.115686
9.307999
9.623734
9.412991
9.324877
9.143599
9.509193
9.813430
9.571512
9.147923
9.145694
9.127746
9.121317
9.121229
9.127345
9.115296
9.112920
9.131991
9.109999
9.113515
9.506599
9.531335
9.178890
9.146904
9.153324
9.433393
9.725922
9.467161
9.230809
9.615259
9.583217
9.451349
9.363137
9.639860
9.333924
9.126902
9.115801
9.299109
9.214015
9.363207
9.387684
9.127697
9.431248
9.305893
9.167063
9.132567
9.349269
9.181567
9.398810
9.652210
9.650653
9.651665
9.654390
9.649328
9.649138
9.649787
9.649289
9.648540
9.647853
9.648351
9.647227
9.648293
9.647550
9.644344
9.649082
9.652723
9.649931
9.649910
9.644926
9.650208
9.650251
9.653421
9.647179
9.638675
9.637237
9.636743
9.627236
9.645690
9.623673
9.636798
9.642884
9.631269
9.633102
9.635680
9.634741
9.640228
9.634706
9.633487
9.651621
9.648863
9.638632
9.646968
9.640492
9.646143
9.649802
9.646261
9.640544
9.651258
9.652388
9.645651
9.648740
9.661354
9.668911
9.653486
9.640446
9.645917
9.638037
9.632219
9.577701
9.617468
9.614516
9.577101
9.631131
9.667028
9.624071
9.650192
9.651224
9.665047
9.669898
9.658988
9.661731
9.647012
9.651869
9.641877
9.657330
9.694198
9.664402
9.652077
9.642431
9.646203
9.637097
9.639448
9.639908
9.653908
9.635960
9.628414
9.632276
9.633968
9.635729
9.634960
9.634760
9.625119
9.600391
9.621878
9.633071
9.605166
9.619435
9.611325
9.607845
9.616171
9.623497
9.584036
9.622159
9.421044
9.387550
9.159869
9.443751
9.294491
9.568491
9.410505
9.147549
9.130458
9.122910
9.454413
9.194856
9.114213
9.108849
9.105898
9.122439
9.147133
9.112320
9.121171
9.129903
9.111709
9.106939
9.124454
9.113036
9.133902
9.120164
9.123180
9.117118
9.119703
9.120315
9.119053
9.122623
9.124619
9.124740
9.113073
9.115977
9.121640
9.120429
9.119447
9.119739
9.122471
9.115001
9.109715
9.118610
9.117279
9.119516
9.118540
9.141026
9.319463
9.383864
9.659221
9.404915
9.527204
9.392747
9.273060
9.469290
9.548923
9.447382
9.151373
9.201902
9.566458
9.527576
9.359156
9.692034
9.825178
9.558091
9.490516
9.217218
9.145088
9.435734
9.375121
9.615339
9.255836
9.116408
9.360576
9.519087
9.494445
9.508097
9.279277
9.416320
9.417437
9.140362
9.139390
9.657645
9.628869
9.509308
9.303445
9.401126
9.389479
9.353113
9.650293
9.651268
9.653209
9.650766
9.650636
9.650927
9.649656
9.650267
9.651114
9.192567
9.118197
9.120856
9.113908
9.125701
9.114683
9.115400
9.158516
9.128673
9.119682
9.117653
9.133344
9.117995
9.122807
9.123240
9.122626
9.128569
9.335217
9.650413
9.652502
9.648996
9.649450
9.651714
9.650979
9.269930
9.114202
9.124238
9.119832
9.307637
9.444585
9.646789
9.651710
9.651539
9.657018
9.656138
9.657427
9.659396
9.658446
9.657564
9.567571
9.120711
9.117323
9.127560
9.121941
9.115841
9.121124
9.121551
9.116221
9.118339
9.146812
9.121051
9.116304
9.334212
9.663140
9.716439
9.499183
9.522556
9.572957
9.572070
9.656178
9.691926
9.645217
9.167450
9.124813
9.118267
9.166192
9.354851
9.651617
9.654505
9.654254
9.154210
9.120293
9.343947
9.656891
9.655086
9.260138
9.113182
9.120160
9.361409
9.652341
9.655094
9.402008
9.112227
9.140084
9.650921
9.657420
9.655364
9.292278
9.126361
9.133097
9.251168
9.652780
9.655041
9.286208
9.119035
9.125296
9.381460
9.651996
9.625956
9.119299
9.120039
9.608754
9.652004
9.652157
9.345126
9.117954
9.113104
9.144384
9.125204
9.139980
9.127405
9.121755
9.159037
9.128530
9.133322
9.434040
9.652002
9.652388
9.652745
9.410835
9.107417
9.111435
9.119322
9.544167
9.652900
9.653298
9.653266
9.268716
9.218639
9.223801
9.459596
9.654037
9.654675
9.655429
9.654955
9.650415
9.650826
9.652756
9.653046
9.654760
9.656999
9.323217
9.113714
9.120666
9.500426
9.652442
9.521738
9.111572
9.152592
9.491645
9.657963
9.449663
9.149375
9.156576
9.159556
9.142441
9.147180
9.131122
9.130113
9.123250
9.115466
9.121646
9.123289
9.127146
9.120227
9.123432
9.141943
9.144979
9.357518
9.649202
9.648979
9.648156
9.647840
9.648865
9.648907
9.649421
9.651437
9.649575
9.648927
9.430545
9.114934
9.115701
9.129093
9.135404
9.134620
9.119680
9.122892
9.112502
9.114434
9.117228
9.111840
9.107427
9.122107
9.124414
9.113072
9.116612
9.122724
9.119326
9.113570
9.118567
9.132158
9.136474
9.124032
9.124880
9.128120
9.253386
9.435539
9.143629
9.118325
9.120578
9.145550
9.122247
9.119202
9.121121
9.132704
9.164767
9.211485
9.128004
9.131666
9.581233
9.703644
9.651498
9.650883
9.649228
9.650127
9.651034
9.649270
9.649225
9.649541
9.650215
9.650200
9.651063
9.649575
9.327899
9.118835
9.123460
9.115866
9.111874
9.113108
9.122731
9.110338
9.113190
9.124083
9.142420
9.412632
9.162707
9.321294
9.566098
9.339853
9.124384
9.118189
9.305318
9.365525
9.668584
9.493523
9.200802
9.122207
9.119232
9.132472
9.119485
9.135972
9.129032
9.127895
9.122219
9.130024
9.128484
9.118043
9.114542
9.113714
9.191750
9.309712
9.129385
9.127148
9.118632
9.124229
9.122902
9.129419
9.225891
9.311021
9.150754
9.123846
9.124342
9.336355
9.218642
9.138732
9.497729
9.377641
9.145131
9.132895
9.126225
9.124295
9.115133
9.126711
9.120741
9.117970
9.112705
9.124082
9.119219
9.118087
9.126997
9.158879
9.122679
9.130029
9.131972
9.120016
9.116686
9.129039
9.132177
9.123110
9.117754
9.133644
9.121392
9.291616
9.651557
9.648666
9.214470
9.151046
9.241358
9.652802
9.651275
9.649247
9.649052
9.649976
9.649713
9.650527
9.650798
9.650657
9.649718
9.600015
9.137982
9.125386
9.412988
9.132086
9.136040
9.640949
9.651685
9.480970
9.134700
9.133139
9.123353
9.353727
9.651782
9.649961
9.225332
9.144094
9.116401
9.115590
9.127622
9.111966
9.122216
9.114036
9.125555
9.115636
9.111661
9.122460
9.121365
9.144422
9.121019
9.131233
9.118490
9.119948
9.122994
9.125690
9.121906
9.127020
9.131718
9.117087
9.118705
9.118930
9.121833
9.114605
9.117944
9.141161
9.107532
9.109682
9.117891
9.120975
9.113608
9.127220
9.125439
9.114843
9.116575
9.117364
9.129476
9.115923
9.116132
9.122038
9.284303
9.273495
9.129796
9.126124
9.123364
9.124691
9.143260
9.122183
9.251373
9.268281
9.130935
10.366263
9.136482
9.115327
9.116475
9.120913
9.118773
9.138622
9.272131
9.654722
9.650560
9.650941
9.187272
9.137716
9.142143
9.139677
9.132532
9.118948
9.135060
9.124765
9.383257
9.652121
9.654269
9.653689
9.652479
9.654363
