0.271746
0.271529
0.271209
0.270792
0.271124
0.270672
0.270232
0.270854
0.270940
0.270350
0.271062
0.270674
0.270626
0.270491
0.271549
0.271269
0.270369
0.271060
0.271149
0.270271
0.270968
0.270559
0.271122
0.270717
0.271102
0.270902
0.270778
0.270893
0.270425
0.270499
0.271470
0.270531
0.270878
0.270879
0.271121
0.270307
0.270469
0.271036
0.270826
0.270451
0.271401
0.270973
0.270659
0.270307
0.271138
0.271234
0.270528
0.271963
0.270779
0.270467
0.270724
0.270267
0.270836
0.270347
0.270964
0.271227
0.270425
0.270844
0.270471
0.270676
0.271280
0.270774
0.270658
0.270694
0.271039
0.270267
0.270314
0.271490
0.270388
0.270475
0.271645
0.270518
0.270334
0.270662
0.271214
0.270899
0.270771
0.271270
0.270591
0.270516
0.270600
0.270333
0.270900
0.270260
0.271308
0.270553
0.270589
0.270873
0.270369
0.270996
0.271121
0.270678
0.270772
0.270518
0.270895
0.270670
0.270503
0.271203
0.270505
0.270609
0.270780
0.270489
0.270251
0.270814
0.271626
0.270436
0.270714
0.271341
0.270432
0.270460
0.270922
0.270476
0.270790
0.270400
0.271352
0.270295
0.270592
0.271089
0.270404
0.271284
0.270849
0.270936
0.270561
0.270637
0.270796
0.270233
0.270929
0.270998
0.270441
0.270677
0.270830
0.270220
0.270327
0.270644
0.271574
0.270799
0.270508
0.270835
0.270514
0.270245
0.271388
0.270904
0.270384
0.270462
0.271135
0.270474
0.270223
0.270730
0.270767
0.270898
0.271083
0.270688
0.270344
0.270392
0.270995
0.270245
0.270965
0.270595
0.270711
0.270222
0.270989
0.270211
0.270845
0.271018
0.271184
0.270744
0.271181
0.271127
0.270419
0.270352
0.270864
0.270831
0.270509
0.270490
0.270835
0.270457
0.270194
0.270962
0.270974
0.274657
0.271558
0.270939
0.270503
0.270267
0.271258
0.270425
0.270884
0.270789
0.270836
0.270365
0.270949
0.270292
0.270606
0.272720
0.271236
0.271040
0.270430
0.271152
0.269261
0.265634
0.258561
0.255151
0.254132
0.256335
0.255735
0.255166
0.255536
0.262185
0.258833
0.258821
0.260441
0.261326
0.254392
0.256136
0.258297
0.255596
0.254695
0.253675
0.257212
0.258199
0.254350
0.254125
0.256541
0.257330
0.258154
0.258160
0.258382
0.255765
0.254821
0.255580
0.255566
0.254055
0.256025
0.254149
0.255823
0.254465
0.255947
0.253902
0.259298
0.264333
0.258106
0.257556
0.257737
0.257178
0.253987
0.253764
0.258061
0.255991
0.254440
0.256394
0.258365
0.254592
0.255810
0.258557
0.257626
0.258047
0.257725
0.258947
0.257090
0.254837
0.254974
0.256365
0.254163
0.254635
0.254670
0.256927
0.254510
0.255648
0.255329
0.256806
0.257509
0.258551
0.257915
0.258214
0.255416
0.254438
0.253796
0.255524
0.255493
0.254767
0.254908
0.255965
0.255045
0.255311
0.254955
0.258873
0.259103
0.257499
0.258549
0.257978
0.259539
0.254051
0.255408
0.254622
0.254824
0.254263
0.257128
0.255639
0.261800
0.261587
0.256329
0.257407
0.258083
0.257831
0.258859
0.255549
0.255983
0.254873
0.256426
0.253644
0.257685
0.256940
0.256362
0.254368
0.254766
0.256095
0.256702
0.258353
0.257976
0.257928
0.258753
0.254834
0.255362
0.253807
0.255877
0.255468
0.254618
0.256124
0.257961
0.254827
0.256685
0.258386
0.259002
0.258676
0.257928
0.258935
0.256775
0.255046
0.255450
0.257879
0.254099
0.256240
0.255040
0.257371
0.254417
0.257216
0.256239
0.257004
0.258008
0.257960
0.257577
0.258729
0.254826
0.254669
0.254615
0.257005
0.254458
0.254882
0.255695
0.257823
0.254006
0.254901
0.254721
0.258262
0.257864
0.257813
0.258545
0.258396
0.254047
0.255088
0.255005
0.255708
0.255144
0.256348
0.256120
0.254808
0.255137
0.255018
0.255538
0.257750
0.258477
0.257139
0.258308
0.255862
0.254799
0.256339
0.257131
0.257320
0.255873
0.255116
0.258365
0.254709
0.254536
0.254985
0.257149
0.257357
0.258616
0.257814
0.259491
0.253985
0.254435
0.254779
0.255228
0.254227
0.254703
0.255747
0.257229
0.254119
0.255306
0.254931
0.258485
0.258771
0.258575
0.260608
0.256845
0.255062
0.254463
0.255346
0.254465
0.254951
0.254257
0.256240
0.256074
0.255336
0.254989
0.256436
0.258147
0.258277
0.257333
0.259107
0.255347
0.254377
0.255192
0.257125
0.255400
0.254339
0.257145
0.257648
0.256343
0.255207
0.256805
0.258754
0.258920
0.259726
0.259690
0.260460
0.256311
0.256721
0.255954
0.256346
0.256264
0.255050
0.257535
0.257482
0.256982
0.255911
0.255542
0.258757
0.257753
0.257189
0.259022
0.256710
0.254425
0.254372
0.256053
0.254040
0.254732
0.253532
0.257648
0.254256
0.254776
0.254255
0.257942
0.262885
0.257504
0.258587
0.258663
0.254664
0.254278
0.255326
0.257047
0.254570
0.255202
0.255001
0.257287
0.254913
0.255442
0.254861
0.258320
0.258494
0.257673
0.258586
0.256794
0.255887
0.254181
0.254940
0.254349
0.256163
0.254370
0.256369
0.255477
0.254773
0.254776
0.256856
0.258021
0.260438
0.262516
0.259585
0.254643
0.259115
0.255803
0.257063
0.255152
0.254646
0.254552
0.257766
0.253900
0.255218
0.256048
0.258406
0.258047
0.258429
0.257736
0.259154
0.254386
0.255260
0.253557
0.256328
0.254347
0.254955
0.254892
0.257331
0.254938
0.254585
0.254670
0.258615
0.257655
0.257493
0.259095
0.256029
0.255459
0.254594
0.256207
0.254456
0.254579
0.253873
0.257873
0.255779
0.255233
0.254260
0.257009
0.257342
0.258247
0.257893
0.259449
0.254713
0.255742
0.254734
0.257836
0.254627
0.255335
0.254557
0.258000
0.255816
0.254941
0.255032
0.258031
0.258426
0.258293
0.257927
0.258757
0.254049
0.255501
0.254606
0.255859
0.254637
0.254755
0.256327
0.254752
0.254908
0.255771
0.256105
0.257457
0.258137
0.257983
0.258241
0.254962
0.254507
0.255028
0.256218
0.255056
0.255211
0.253727
0.256937
0.254552
0.254504
0.254139
0.257179
0.258075
0.257717
0.257342
0.259716
0.255316
0.254060
0.254572
0.257068
0.254338
0.254827
0.254377
0.258315
0.254546
0.253866
0.255067
0.258296
0.257444
0.257822
0.258896
0.256437
0.254708
0.255251
0.256166
0.254107
0.254451
0.255118
0.256013
0.254591
0.254930
0.255725
0.256119
0.257696
0.258766
0.257840
0.258690
0.254522
0.255285
0.254572
0.256981
0.255025
0.254402
0.254115
0.257242
0.255332
0.254408
0.255242
0.258019
0.257709
0.257896
0.257463
0.258715
0.254548
0.255172
0.255752
0.255345
0.254007
0.254344
0.256441
0.256382
0.253991
0.256808
0.254781
0.257906
0.257260
0.258482
0.258012
0.256274
0.255150
0.255013
0.256600
0.254901
0.256663
0.253825
0.256022
0.254430
0.254693
0.254365
0.256739
0.258259
0.258194
0.257394
0.260009
0.254743
0.254403
0.253892
0.256177
0.254211
0.254472
0.253468
0.257062
0.254353
0.255104
0.254386
0.257935
0.257181
0.257971
0.258279
0.257660
0.254575
0.255951
0.254285
0.255938
0.253861
0.256061
0.255863
0.255274
0.254155
0.255274
0.254636
0.257968
0.257869
0.258028
0.258237
0.255772
0.254286
0.254854
0.255415
0.255393
0.254705
0.254383
0.258114
0.253766
0.254442
0.254193
0.256894
0.257321
0.257775
0.257746
0.258527
0.255524
0.253739
0.254936
0.255538
0.254235
0.255058
0.254038
0.256860
0.254182
0.254634
0.254577
0.258416
0.257750
0.257569
0.257591
0.257899
0.254224
0.253931
0.254692
0.255940
0.254130
0.254082
0.255669
0.255207
0.253460
0.254399
0.256015
0.258055
0.257605
0.258356
0.259895
0.255293
0.254206
0.254895
0.256831
0.254070
0.254679
0.254544
0.256833
0.254333
0.254710
0.255128
0.257255
0.257526
0.258000
0.257157
0.258367
0.255261
0.254496
0.254618
0.255554
0.255450
0.254225
0.253952
0.256975
0.254721
0.254241
0.254419
0.259002
0.257027
0.257925
0.257578
0.257143
0.254509
0.253846
0.256327
0.254886
0.254810
0.254821
0.258932
0.254970
0.254105
0.255349
0.255787
0.257093
0.257581
0.258411
0.258575
0.255183
0.254720
0.254845
0.255325
0.254624
0.255970
0.254101
0.256285
0.254043
0.255175
0.254553
0.256732
0.258555
0.257740
0.257784
0.257096
0.255349
0.253841
0.253830
0.257215
0.254242
0.254523
0.254058
0.256355
0.253535
0.253993
0.254095
0.258265
0.257577
0.258014
0.259211
0.256467
0.254290
0.254853
0.255009
0.255597
0.254452
0.254563
0.256352
0.254798
0.254169
0.255047
0.255718
0.257399
0.258346
0.258235
0.258233
0.255802
0.255022
0.255572
0.254904
0.254741
0.255291
0.253693
0.256674
0.253888
0.254280
0.253719
0.257251
0.257723
0.257790
0.257517
0.257335
0.254403
0.254379
0.254269
0.255686
0.254406
0.255163
0.256521
0.256950
0.253835
0.254831
0.254255
0.258768
0.257492
0.258469
0.258023
0.257039
0.255414
0.254631
0.255876
0.254277
0.255084
0.254564
0.255879
0.255089
0.253863
0.254817
0.256472
0.258116
0.257317
0.258035
0.258982
0.254976
0.254216
0.255250
0.255041
0.255247
0.254568
0.254916
0.255244
0.253726
0.254376
0.255242
0.258181
0.257791
0.258467
0.258811
0.257106
0.255053
0.254747
0.254759
0.255388
0.256003
0.254852
0.254843
0.256700
0.254435
0.253982
0.254563
0.258476
0.257658
0.258353
0.257611
0.257682
0.255706
0.255451
0.255485
0.254471
0.254305
0.255043
0.256134
0.254175
0.254386
0.255095
0.257040
0.257688
0.257349
0.258274
0.257641
0.253871
0.254907
0.254977
0.254337
0.254495
0.256209
0.256428
0.256493
0.253888
0.256061
0.253995
0.257760
0.258240
0.258080
0.257657
0.257300
0.255290
0.254591
0.254321
0.256776
0.253796
0.255056
0.254635
0.256963
0.254336
0.254866
0.256298
0.257468
0.257199
0.257814
0.258712
0.254539
0.255001
0.254651
0.256214
0.254170
0.254279
0.255359
0.255748
0.253868
0.254120
0.254446
0.256636
0.257676
0.258034
0.258586
0.257545
0.253854
0.255530
0.253733
0.255009
0.254837
0.255493
0.254335
